
Nautical miles of each flight
-----------------------------
ATT7791R: 4166.902977517127
BER7172M: 7688.481122976476
DAU2617A: 7533.106022315909
DKZ3042O: 2241.220624509443
EWH6301Y: 7002.3506324573955
FYL5866L: 7283.0602562381455
GMO5938W: 4398.978704391417
HUR0974O: 5816.510218664352
HZT2506M: 4343.178396258585
JVY9791G: 4947.437836142853
KJR6646J: 8019.5054259044555
MBA8071P: 2381.3844550998283
MOO1786A: 765.3359175479357
PME8178S: 5498.9770072756555
QHU1140O: 4714.198960660702
RPG3351U: 1556.591881503578
RUM0422W: 807.016035482097
SOH3431A: 1041.3961450912716
SQU6245R: 4363.97000794852
TMV7633W: 3532.620034201485
ULZ8130D: 7002.3506324573955
VDC9164W: 5308.251743717151
VYU9214I: 6280.914661313146
VYW5940P: 7666.945601789908
WPW9201U: 6040.40822244153
WSK1289Z: 1159.1176341217183
XIL3623J: 5415.7709067049045
XOY7948U: 3647.810557255643
XXQ4064B: 3338.863130066399
YZO4444S: 8430.447260331153

Nautical miles travelled by each passenger
------------------------------------------
BWI0520BG6: 71597.89374524365
CDC0302NN5: 51722.46018583082
CKZ3132BR4: 73382.31699468485
CXN7304ER2: 63849.768162290115
CYJ0225CH1: 48337.12534691986
DAZ3029XA0: 86957.74463721813
EDV2089LK5: 63722.58145099724
EZC9678QI6: 73459.76305394545
HCA3158QA6: 77661.70121549307
HGO4350KK1: 76587.6278660613
IEG9308EA5: 41985.754168828156
JBE2302VO4: 52742.11031293701
JJM4724RF7: 69770.45752364502
KKP5277HZ7: 34119.47494454647
LLZ3798PE3: 72226.47479593784
MXU9187YC7: 52115.72752351494
ONL0812DH1: 46168.128100252885
PAJ3974RK1: 32674.224652154462
PIT2755XC1: 29048.49355618158
POP2875LH3: 52079.440299693844
PUD8209OG3: 72933.48743149804
SJD8775RZ4: 52347.461628867124
SPR4484HA6: 81069.47275738692
UES9151GS5: 89769.89175853903
VZY2993ME1: 47823.80330067258
WBE6935NU3: 79598.120308642
WTC9125IE5: 49395.27583889921
WYU2010YH8: 69437.65125100654
XFG5747ZT9: 54726.173732467025
YMH6360YP0: 66620.9247238064
